Step-1
8 1 2

* 3 4

7 6 5

Step-2
* 1 2

8 3 4

7 6 5

Step-3
1 * 2

8 3 4

7 6 5

Step-4
1 2 *

8 3 4

7 6 5

Step-5
1 2 4

8 3 *

7 6 5

Step-6
1 2 4

8 * 3

7 6 5

Step-7
1 2 4

* 8 3

7 6 5

Step-8
* 2 4

1 8 3

7 6 5

Step-9
2 * 4

1 8 3

7 6 5

Step-10
2 4 *

1 8 3

7 6 5

Step-11
2 4 3

1 8 *

7 6 5

Step-12
2 4 3

1 * 8

7 6 5

Step-13
2 * 3

1 4 8

7 6 5

Step-14
* 2 3

1 4 8

7 6 5

Step-15
1 2 3

* 4 8

7 6 5

Step-16
1 2 3

4 * 8

7 6 5

Step-17
1 2 3

4 8 *

7 6 5

Step-18
1 2 3

4 8 5

7 6 *

Step-19
1 2 3

4 8 5

7 * 6

Step-20
1 2 3

4 * 5

7 8 6

Step-21
1 2 3

4 5 *

7 8 6

Step-22
1 2 3

4 5 6

7 8 *

Hamming path cost: 21